2 0.208496 0.208564 0.018555 0.008287
2 0.527832 0.200276 0.020508 0.011050
2 0.637207 0.183011 0.006836 0.023481
2 0.527344 0.479972 0.017578 0.009669
2 0.665527 0.432320 0.020508 0.011050
2 0.666504 0.300414 0.020508 0.009669
2 0.752930 0.253453 0.017578 0.012431
2 0.751953 0.283840 0.019531 0.015193
2 0.752930 0.314227 0.015625 0.012431
2 0.751465 0.341160 0.016602 0.011050
2 0.752930 0.372238 0.015625 0.012431
2 0.751953 0.401243 0.019531 0.012431
2 0.758301 0.459254 0.018555 0.012431
2 0.758301 0.494475 0.016602 0.011050
