2 0.297931 0.116211 0.016552 0.011719
2 0.334828 0.131348 0.014483 0.012695
2 0.448966 0.317383 0.013793 0.011719
2 0.406207 0.457031 0.008276 0.023438
2 0.362414 0.432129 0.017241 0.008789
2 0.421379 0.416016 0.016552 0.011719
2 0.448276 0.452148 0.016552 0.011719
2 0.646207 0.625000 0.015172 0.011719
2 0.745517 0.625977 0.013793 0.011719
2 0.793448 0.632812 0.015862 0.011719
2 0.550000 0.770020 0.015862 0.010742
2 0.552759 0.708496 0.008966 0.022461
2 0.457586 0.697266 0.017241 0.009766
2 0.457586 0.737793 0.015862 0.010742
2 0.457586 0.787109 0.014483 0.009766
2 0.458966 0.826660 0.015862 0.012695
