15 0.249655 0.282715 0.016552 0.010742
15 0.364828 0.226562 0.008276 0.015625
15 0.296552 0.324219 0.012414 0.009766
15 0.298276 0.517090 0.015862 0.010742
15 0.333793 0.492676 0.006897 0.016602
15 0.403793 0.492188 0.006207 0.013672
15 0.471379 0.492676 0.006207 0.014648
15 0.315862 0.594238 0.011034 0.006836
15 0.427586 0.718750 0.012414 0.009766
15 0.562414 0.555176 0.006207 0.012695
15 0.585172 0.601074 0.011724 0.006836
15 0.612414 0.616699 0.011034 0.008789
15 0.749310 0.197754 0.006207 0.014648
15 0.780000 0.323242 0.013793 0.009766
15 0.867241 0.342285 0.004828 0.014648
